0 0.7125 0.8953125 0.45625 0.209375
0 0.8546875 0.63125 0.0875 0.05625
0 0.3 0.5703125 0.23125 0.14375
0 0.18984375 0.44453125 0.2234375 0.109375
0 0.690625 0.5828125 0.1953125 0.146875
0 0.5921875 0.44609375 0.0984375 0.0484375
0 0.50390625 0.52265625 0.0890625 0.0578125
0 0.41328125 0.4375 0.171875 0.10625
0 0.32578125 0.31875 0.1546875 0.121875
0 0.296875 0.21015625 0.1453125 0.0796875
0 0.45 0.3265625 0.0703125 0.0390625
0 0.83359375 0.3265625 0.0796875 0.04375
0 0.97734375 0.3796875 0.0453125 0.046875
0 0.77734375 0.28515625 0.0640625 0.0359375
0 0.04296875 0.3953125 0.0671875 0.0734375