0 0.778125 0.8921875 0.428125 0.215625
0 0.87109375 0.57421875 0.08125 0.04375
0 0.31328125 0.60078125 0.2171875 0.1109375
0 0.18515625 0.49375 0.2140625 0.07734375
0 0.7015625 0.5515625 0.17890625 0.1203125
0 0.5828125 0.43203125 0.09375 0.03359375
0 0.50703125 0.521875 0.0828125 0.0453125
0 0.4046875 0.4515625 0.1609375 0.0828125
0 0.29921875 0.3484375 0.140625 0.1015625
0 0.25390625 0.2453125 0.1375 0.059375
0 0.4234375 0.33671875 0.06640625 0.0296875
0 0.80234375 0.2765625 0.075 0.0328125
0 0.96640625 0.3046875 0.0671875 0.03671875
0 0.740625 0.24453125 0.06015625 0.0265625
0 0.03203125 0.46796875 0.05703125 0.06484375