0 0.20078125 0.8546875 0.4015625 0.265625
0 0.12265625 0.528125 0.0859375 0.053125
0 0.67265625 0.62265625 0.2296875 0.1359375
0 0.81328125 0.53203125 0.221875 0.103125
0 0.29375 0.5265625 0.1921875 0.140625
0 0.42578125 0.42265625 0.096875 0.0453125
0 0.490625 0.52109375 0.0875 0.0546875
0 0.60078125 0.46328125 0.1703125 0.1015625
0 0.71796875 0.37421875 0.1515625 0.1171875
0 0.775 0.27734375 0.14375 0.075
0 0.59609375 0.34765625 0.06875 0.0375
0 0.22734375 0.24140625 0.078125 0.0421875
0 0.0609375 0.24921875 0.071875 0.0453125
0 0.2921875 0.2171875 0.0625 0.034375
0 0.96796875 0.525 0.0640625 0.071875