0 0.6203125 0.8546875 0.5 0.290625
0 0.121875 0.90625 0.24375 0.121875
0 0.05625 0.6921875 0.1125 0.13125
0 0.31875 0.584375 0.321875 0.2515625
0 0.028125 0.4546875 0.05625 0.084375
0 0.13203125 0.3875 0.1421875 0.1109375
0 0.92890625 0.7796875 0.090625 0.140625
0 0.9640625 0.5015625 0.071875 0.065625
0 0.3265625 0.35390625 0.1703125 0.0921875
0 0.675 0.47890625 0.3953125 0.1921875
0 0.83125 0.2765625 0.21875 0.103125
0 0.71484375 0.184375 0.2609375 0.090625
0 0.55 0.28984375 0.1875 0.0875
0 0.634375 0.23515625 0.0984375 0.0484375
0 0.41796875 0.171875 0.1703125 0.078125
0 0.3359375 0.2671875 0.1203125 0.071875
0 0.734375 0.0734375 0.1515625 0.0703125
0 0.4765625 0.1 0.1265625 0.053125
0 0.35546875 0.10234375 0.1015625 0.05
0 0.3203125 0.0421875 0.184375 0.084375
0 0.465625 0.340625 0.1109375 0.0625
0 0.1671875 0.19453125 0.178125 0.1515625
0 0.5375 0.05546875 0.1390625 0.04375
0 0.4875 0.01875 0.125 0.0375
0 0.9125 0.1453125 0.125 0.05625