0 0.28515625 0.834375 0.4953125 0.33125
0 0.76640625 0.965625 0.2546875 0.06875
0 0.896875 0.80625 0.15 0.1296875
0 0.653125 0.628125 0.31875 0.246875
0 0.96875 0.57890625 0.059375 0.084375
0 0.884375 0.48671875 0.140625 0.1078125
0 0.02890625 0.65859375 0.0578125 0.1390625
0 0.0484375 0.38046875 0.0765625 0.065625
0 0.70546875 0.40390625 0.1703125 0.0890625
0 0.33671875 0.434375 0.39375 0.1859375
0 0.23828125 0.1984375 0.2171875 0.1
0 0.37421875 0.13984375 0.2609375 0.0875
0 0.50625 0.284375 0.1875 0.084375
0 0.4390625 0.209375 0.096875 0.046875
0 0.6640625 0.2046875 0.1703125 0.075
0 0.71875 0.3171875 0.1203125 0.0703125
0 0.38359375 0.03046875 0.1515625 0.0609375
0 0.6265625 0.11953125 0.1265625 0.0515625
0 0.7421875 0.15390625 0.1015625 0.0484375
0 0.7921875 0.10234375 0.184375 0.0859375
0 0.57421875 0.3546875 0.1109375 0.0609375
0 0.9 0.290625 0.175 0.1484375
0 0.57890625 0.0609375 0.1390625 0.0421875
0 0.63671875 0.0359375 0.125 0.0390625
0 0.19296875 0.05078125 0.125 0.0546875