0 0.328125 0.86015625 0.46484375 0.2796875
0 0.82421875 0.95546875 0.24609375 0.0890625
0 0.93125 0.75546875 0.1375 0.11328125
0 0.66796875 0.60859375 0.2953125 0.2125
0 0.975 0.52109375 0.05 0.07890625
0 0.8796875 0.43984375 0.13046875 0.09296875
0 0.03671875 0.7171875 0.0734375 0.13125
0 0.0375 0.43671875 0.06953125 0.05703125
0 0.6921875 0.3796875 0.1625 0.06953125
0 0.3296875 0.4546875 0.3796875 0.14140625
0 0.203125 0.2328125 0.21015625 0.07421875
0 0.33125 0.1578125 0.25546875 0.05625
0 0.4796875 0.28515625 0.18125 0.0625
0 0.40390625 0.21875 0.09375 0.0359375
0 0.6265625 0.18671875 0.1640625 0.05546875
0 0.69453125 0.2921875 0.1140625 0.05625
0 0.32734375 0.0453125 0.14609375 0.05078125
0 0.57890625 0.10703125 0.12265625 0.03671875
0 0.6984375 0.1265625 0.09765625 0.03671875
0 0.74140625 0.06953125 0.17734375 0.06484375
0 0.55625 0.346875 0.10546875 0.0484375
0 0.871875 0.24375 0.1609375 0.1296875
0 0.525 0.0546875 0.13671875 0.025
0 0.57890625 0.02265625 0.12265625 0.025
0 0.140625 0.09140625 0.1203125 0.040625