0 0.0578125 0.871875 0.075 0.25625
0 0.0328125 0.19375 0.065625 0.225
0 0.15859375 0.38125 0.1578125 0.4
0 0.4046875 0.83515625 0.1328125 0.228125
0 0.5359375 0.48046875 0.128125 0.2484375
0 0.5609375 0.83671875 0.15 0.3265625
0 0.709375 0.903125 0.0921875 0.1671875
0 0.29140625 0.97265625 0.2484375 0.0546875
0 0.24453125 0.8953125 0.065625 0.0703125
0 0.20078125 0.7125 0.0421875 0.0796875
0 0.2734375 0.628125 0.0859375 0.1234375
0 0.66640625 0.74296875 0.0859375 0.1625
0 0.0796875 0.06171875 0.0734375 0.0578125
0 0.82734375 0.88125 0.04375 0.0609375
0 0.99296875 0.85 0.0140625 0.053125
0 0.2515625 0.39921875 0.0515625 0.1046875
0 0.096875 0.6578125 0.0375 0.046875
0 0.90078125 0.3265625 0.028125 0.0484375
0 0.63828125 0.29453125 0.0890625 0.2125