0 0.9765625 0.84453125 0.046875 0.2953125
0 0.95078125 0.14453125 0.0890625 0.21875
0 0.82734375 0.34609375 0.13125 0.3921875
0 0.6296875 0.8234375 0.11875 0.221875
0 0.4625 0.484375 0.1109375 0.2421875
0 0.47421875 0.84140625 0.1296875 0.3171875
0 0.3328125 0.9203125 0.08125 0.159375
0 0.75703125 0.96328125 0.2453125 0.0671875
0 0.7953125 0.86640625 0.0609375 0.0671875
0 0.81953125 0.68046875 0.0375 0.078125
0 0.73828125 0.60390625 0.078125 0.11875
0 0.36015625 0.75859375 0.075 0.1578125
0 0.87109375 0.0234375 0.0703125 0.046875
0 0.2140625 0.91328125 0.040625 0.0578125
0 0.0359375 0.90078125 0.03125 0.0515625
0 0.73671875 0.37421875 0.04375 0.1015625
0 0.91796875 0.61484375 0.034375 0.04375
0 0.08359375 0.36953125 0.025 0.046875
0 0.34140625 0.31015625 0.075 0.2078125