0 0.975 0.853125 0.05 0.29375
0 0.95703125 0.15234375 0.08515625 0.21796875
0 0.8296875 0.3515625 0.125 0.38984375
0 0.62421875 0.82578125 0.11484375 0.21953125
0 0.4625 0.48359375 0.10703125 0.240625
0 0.46796875 0.84140625 0.1234375 0.3171875
0 0.3265625 0.91953125 0.078125 0.1609375
0 0.74921875 0.96796875 0.24375 0.06328125
0 0.7890625 0.871875 0.059375 0.065625
0 0.81640625 0.6859375 0.0359375 0.07734375
0 0.73671875 0.6078125 0.0765625 0.1171875
0 0.35546875 0.75625 0.07265625 0.15703125
0 0.88046875 0.0265625 0.06953125 0.0515625
0 0.20703125 0.90859375 0.0390625 0.0578125
0 0.02890625 0.89296875 0.03046875 0.05078125
0 0.7390625 0.378125 0.0421875 0.1015625
0 0.915625 0.621875 0.03359375 0.04375
0 0.0859375 0.3625 0.0234375 0.046875
0 0.34453125 0.30703125 0.071875 0.20625